0.5,100,10,104373.18092885929
0.5,100,50,66956.82805651908
0.5,100,100,59492.853011104446
0.5,100,500,42316.27110919372
0.5,100,1000,40860.207168841865
0.5,100,2000,37396.1763881259
0.5,100,5000,36917.75886575866
0.5,200,10,106086.61399879797
0.5,200,50,77836.11231815346
0.5,200,100,60036.14595437386
0.5,200,500,42835.01835491423
0.5,200,1000,38956.153706837926
0.5,200,2000,36953.315640466186
0.5,200,5000,35770.779389134375
0.5,300,10,95593.73313660797
0.5,300,50,70184.56778682645
0.5,300,100,56280.290323135196
0.5,300,500,37982.074164901314
0.5,300,1000,37303.38190418779
0.5,300,2000,37325.59804869901
0.5,300,5000,36374.052363223134
0.5,400,10,89839.89131434142
0.5,400,50,58251.70322420063
0.5,400,100,57450.080004441406
0.5,400,500,42909.78938265846
0.5,400,1000,39048.761884246676
0.5,400,2000,36796.57507450064
0.5,400,5000,34574.49183133328
0.5,500,10,110234.15652710463
0.5,500,50,60125.388678212854
0.5,500,100,54153.07725523601
0.5,500,500,42931.64617172549
0.5,500,1000,38557.21419838329
0.5,500,2000,36310.47847599208
0.5,500,5000,34824.01893900776
0.5,600,10,106505.77289250513
0.5,600,50,62377.9920794166
0.5,600,100,50500.02235562717
0.5,600,500,40613.841601231295
0.5,600,1000,39392.08601079256
0.5,600,2000,37807.13789451883
0.5,600,5000,34729.40023767394
0.5,700,10,85906.73690815338
0.5,700,50,64387.19260569015
0.5,700,100,52854.585363651684
0.5,700,500,41508.40819344616
0.5,700,1000,41468.62913563432
0.5,700,2000,39314.05539151736
0.5,700,5000,34104.04648049078
0.6,100,10,90972.92643761566
0.6,100,50,61773.18225684451
0.6,100,100,52300.39457999421
0.6,100,500,41191.94219547954
0.6,100,1000,40478.334211556015
0.6,100,2000,36845.05266401759
0.6,100,5000,34733.50613969852
0.6,200,10,97159.32392941904
0.6,200,50,62998.9616899725
0.6,200,100,53634.053901152925
0.6,200,500,41790.96878301479
0.6,200,1000,38375.632769669704
0.6,200,2000,36366.07425867353
0.6,200,5000,35272.325094047126
0.6,300,10,93144.84835472342
0.6,300,50,58789.879237602
0.6,300,100,55522.981389074055
0.6,300,500,40904.84671669558
0.6,300,1000,38922.51550878081
0.6,300,2000,36319.30513098132
0.6,300,5000,35345.357364144824
0.6,400,10,94981.46708018945
0.6,400,50,66555.87973366342
0.6,400,100,51271.365931496475
0.6,400,500,42770.03733505768
0.6,400,1000,37705.78119192379
0.6,400,2000,35772.05777463434
0.6,400,5000,35201.17832310839
0.6,500,10,92384.34881851873
0.6,500,50,57500.164538899066
0.6,500,100,50696.328361628926
0.6,500,500,41242.82845685576
0.6,500,1000,37514.622719662635
0.6,500,2000,34930.28629398452
0.6,500,5000,34568.4980860719
0.6,600,10,90445.19242156942
0.6,600,50,63816.76632613782
0.6,600,100,49563.06081572284
0.6,600,500,38882.98179025937
0.6,600,1000,37661.08529810117
0.6,600,2000,36842.757982738476
0.6,600,5000,34697.485544346
0.6,700,10,95273.99830443446
0.6,700,50,65062.304493059724
0.6,700,100,52638.055926933564
0.6,700,500,40103.52900366666
0.6,700,1000,37777.119116184775
0.6,700,2000,36124.30529285497
0.6,700,5000,35515.44765943909
0.7,100,10,89385.97541379972
0.7,100,50,65463.44837340745
0.7,100,100,52666.522134395855
0.7,100,500,40137.9945355838
0.7,100,1000,36633.49017415181
0.7,100,2000,37529.71779548949
0.7,100,5000,36702.64918655738
0.7,200,10,76766.93659957641
0.7,200,50,59279.56632763708
0.7,200,100,47315.550304144985
0.7,200,500,41171.392429296124
0.7,200,1000,38329.99634800549
0.7,200,2000,35800.73850504942
0.7,200,5000,36047.17085889953
0.7,300,10,75822.99224879629
0.7,300,50,59806.658724677596
0.7,300,100,48792.33101894762
0.7,300,500,37900.11178591268
0.7,300,1000,35276.211035898596
0.7,300,2000,35747.781617108696
0.7,300,5000,35971.00867209583
0.7,400,10,87037.23253934817
0.7,400,50,58125.363788233066
0.7,400,100,48330.922527367606
0.7,400,500,38057.46788702001
0.7,400,1000,36480.55290960783
0.7,400,2000,34853.36843008001
0.7,400,5000,35545.55404823253
0.7,500,10,84209.94355517127
0.7,500,50,57958.528807635
0.7,500,100,49371.2228895997
0.7,500,500,39321.59695687929
0.7,500,1000,36622.84027195993
0.7,500,2000,37389.95979961171
0.7,500,5000,34980.302456399375
0.7,600,10,83032.96291310308
0.7,600,50,53290.58228155474
0.7,600,100,54354.307255970125
0.7,600,500,38909.287556974596
0.7,600,1000,36104.16601099181
0.7,600,2000,35427.432266410215
0.7,600,5000,36471.9247289365
0.7,700,10,81564.6088480926
0.7,700,50,55010.99892402325
0.7,700,100,47741.05237770562
0.7,700,500,37691.862278961176
0.7,700,1000,37435.69361511348
0.7,700,2000,36232.306519524136
0.7,700,5000,34132.33509324757
0.8,100,10,91108.50887921022
0.8,100,50,50223.942042877155
0.8,100,100,48555.58203061156
0.8,100,500,38811.46064635266
0.8,100,1000,36543.36098574187
0.8,100,2000,35730.088871368745
0.8,100,5000,35608.436838460264
0.8,200,10,76796.0971963112
0.8,200,50,52738.033431258205
0.8,200,100,47593.403078395204
0.8,200,500,37131.45467233943
0.8,200,1000,36300.67723866065
0.8,200,2000,35448.73216080963
0.8,200,5000,34757.63114154021
0.8,300,10,80274.33311077465
0.8,300,50,48509.497620382754
0.8,300,100,45001.6003891249
0.8,300,500,39128.26220593702
0.8,300,1000,35999.10452954259
0.8,300,2000,36325.42790662269
0.8,300,5000,34474.76859056504
0.8,400,10,68846.74110745211
0.8,400,50,53750.51301634503
0.8,400,100,47890.58208875715
0.8,400,500,37335.178800739006
0.8,400,1000,35725.01165663498
0.8,400,2000,35177.592167677416
0.8,400,5000,34287.591883404275
0.8,500,10,73671.63397793616
0.8,500,50,51183.451736320145
0.8,500,100,49075.40859781061
0.8,500,500,36191.97324980668
0.8,500,1000,35997.390966304425
0.8,500,2000,35088.82095058186
0.8,500,5000,34411.66851381326
0.8,600,10,73394.38618305414
0.8,600,50,50396.347911737736
0.8,600,100,46182.35406057511
0.8,600,500,38459.71746091911
0.8,600,1000,35086.424711831736
0.8,600,2000,36034.61761719845
0.8,600,5000,34406.64594808075
0.8,700,10,69812.08445902192
0.8,700,50,46954.456843011525
0.8,700,100,39652.03733121964
0.8,700,500,35809.18690977247
0.8,700,1000,34985.2171776088
0.8,700,2000,34748.911039201106
0.8,700,5000,34253.33190158253
0.9,100,10,68848.54768207725
0.9,100,50,45829.22556340145
0.9,100,100,44998.93613220361
0.9,100,500,36111.43196454404
0.9,100,1000,36370.59174410175
0.9,100,2000,34538.300740715364
0.9,100,5000,34859.60149571016
0.9,200,10,65630.16929793851
0.9,200,50,45185.81195561262
0.9,200,100,40266.02571415786
0.9,200,500,35845.44775737513
0.9,200,1000,34880.78414599885
0.9,200,2000,34119.27057202424
0.9,200,5000,34087.494189966164
0.9,300,10,65639.94703412945
0.9,300,50,46662.87092675043
0.9,300,100,40562.11768811781
0.9,300,500,36920.427750609204
0.9,300,1000,35040.77586224573
0.9,300,2000,34788.570312242584
0.9,300,5000,33831.179201559484
0.9,400,10,59883.48679590859
0.9,400,50,45804.30096106479
0.9,400,100,40750.05445044835
0.9,400,500,35285.9527899792
0.9,400,1000,34412.70398429756
0.9,400,2000,34821.77856246503
0.9,400,5000,35056.67159298606
0.9,500,10,64389.51115384104
0.9,500,50,44039.665869068616
0.9,500,100,42185.99311533673
0.9,500,500,36628.95031125018
0.9,500,1000,35840.40472889686
0.9,500,2000,34887.999948450015
0.9,500,5000,35774.40972784424
0.9,600,10,56651.97317952619
0.9,600,50,48076.02207984711
0.9,600,100,43976.56935905982
0.9,600,500,35513.17832016097
0.9,600,1000,35674.27794535101
0.9,600,2000,35643.7535462994
0.9,600,5000,34718.87362500999
0.9,700,10,59127.91346428453
0.9,700,50,42969.33119594769
0.9,700,100,37614.568339519996
0.9,700,500,36050.98140590067
0.9,700,1000,35641.66123327693
0.9,700,2000,35461.45335627161
0.9,700,5000,35383.44441819132
0.99,100,10,44270.44325592739
0.99,100,50,35538.811577282955
0.99,100,100,36089.47715553424
0.99,100,500,35688.28630962103
0.99,100,1000,34752.471319345685
0.99,100,2000,35227.170593378
0.99,100,5000,34605.05237925469
0.99,200,10,41412.95546081987
0.99,200,50,35193.42047759141
0.99,200,100,34408.06997869879
0.99,200,500,35112.8543222164
0.99,200,1000,35055.778372438115
0.99,200,2000,34602.89371064407
0.99,200,5000,34580.39087058789
0.99,300,10,38744.490735880674
0.99,300,50,36084.42241922564
0.99,300,100,35650.83884246302
0.99,300,500,34781.657634064504
0.99,300,1000,34075.08914001304
0.99,300,2000,34295.49533500534
0.99,300,5000,34286.959073352395
0.99,400,10,40065.986697070155
0.99,400,50,34877.79531518943
0.99,400,100,34353.5064619649
0.99,400,500,34547.520265990155
0.99,400,1000,34306.80088359075
0.99,400,2000,34762.97217940128
0.99,400,5000,34169.70123793202
0.99,500,10,40037.14348818532
0.99,500,50,36624.838650447724
0.99,500,100,35029.91706221203
0.99,500,500,34394.135645736875
0.99,500,1000,34234.513657085576
0.99,500,2000,34148.00226132353
0.99,500,5000,34072.45281141959
0.99,600,10,38124.177048360136
0.99,600,50,35692.31363965606
0.99,600,100,34395.680478044356
0.99,600,500,35155.028378113406
0.99,600,1000,34085.452134887404
0.99,600,2000,34972.79093075864
0.99,600,5000,35179.19047516556
0.99,700,10,42655.89861598376
0.99,700,50,36985.90048310224
0.99,700,100,34886.96072341242
0.99,700,500,35206.08706300663
0.99,700,1000,34502.216228243364
0.99,700,2000,34246.09003627787
0.99,700,5000,34426.04905198427
0.999,100,10,36281.545925164435
0.999,100,50,34963.81720036479
0.999,100,100,34410.313573781175
0.999,100,500,35403.86561629756
0.999,100,1000,34492.077493668476
0.999,100,2000,34099.70412618951
0.999,100,5000,34052.75130522225
0.999,200,10,34396.65097184958
0.999,200,50,35108.88160837257
0.999,200,100,34594.62716351251
0.999,200,500,34185.52114314579
0.999,200,1000,33945.58694807592
0.999,200,2000,34395.3606667488
0.999,200,5000,33899.90361512774
0.999,300,10,34995.59880615052
0.999,300,50,35230.3805880848
0.999,300,100,34753.42476823108
0.999,300,500,34301.42050139809
0.999,300,1000,34192.08218564402
0.999,300,2000,34527.18974403221
0.999,300,5000,33523.708507435585
0.999,400,10,34356.481003331064
0.999,400,50,34430.03179232481
0.999,400,100,36444.27962859162
0.999,400,500,33698.77541234423
0.999,400,1000,34392.05446211817
0.999,400,2000,34131.71537753933
0.999,400,5000,33999.28169400145
0.999,500,10,35298.12429285733
0.999,500,50,34521.17113929972
0.999,500,100,34433.75147107834
0.999,500,500,34054.51335497608
0.999,500,1000,33588.34340921148
0.999,500,2000,33945.586948075914
0.999,500,5000,33915.24228489223
0.999,600,10,36178.48864155592
0.999,600,50,34130.548295758155
0.999,600,100,33588.343409211484
0.999,600,500,34670.75511797948
0.999,600,1000,34319.62004741544
0.999,600,2000,34363.76390471529
0.999,600,5000,34011.66344280801
0.999,700,10,35382.464016177124
0.999,700,50,34315.1218200937
0.999,700,100,33588.343409211484
0.999,700,500,34481.869063669714
0.999,700,1000,33588.34340921148
0.999,700,2000,33876.4472861579
0.999,700,5000,34072.45281141959
